service_id,monday,tuesday,wednesday,thursday,friday,saturday,sunday,start_date,end_date
IDFM:1,1,1,1,1,1,0,0,20250106,20250117
IDFM:10,0,0,0,0,0,1,0,20250111,20250111
IDFM:104,0,0,0,0,0,1,0,20250104,20250104
IDFM:1000,0,0,0,1,1,0,0,20250102,20250103
IDFM:1248,0,0,0,0,0,0,1,20241229,20241229
IDFM:1445,0,0,0,0,0,0,1,20250105,20250105
IDFM:1547,0,0,0,0,0,0,1,20241222,20241222
IDFM:2090,0,0,0,0,0,1,0,20241221,20241228
IDFM:2096,1,1,1,1,1,0,0,20241219,20250117
IDFM:3835,0,1,0,1,0,0,0,20241219,20250116
IDFM:5617,1,0,0,0,0,0,1,20241222,20250113
IDFM:10001,1,1,0,1,1,0,0,20241219,20250103
IDFM:10004,0,0,0,0,0,1,0,20241221,20250104
IDFM:10025,0,0,0,0,0,0,1,20241222,20250105
IDFM:10026,0,0,0,0,0,0,1,20250112,20250112
IDFM:10030,0,0,1,0,0,0,0,20241225,20250101
IDFM:10085,1,1,0,1,1,0,0,20241223,20250103
IDFM:10196,1,1,0,1,1,0,0,20250106,20250117
IDFM:10218,0,0,1,0,0,0,0,20250108,20250115
IDFM:15097,1,1,1,1,1,0,0,20250106,20250117
IDFM:15141,1,1,0,1,1,1,0,20241219,20250104
IDFM:15397,0,0,1,0,0,0,0,20250108,20250115
IDFM:16021,0,0,0,0,1,0,0,20241220,20250117
IDFM:16604,1,1,1,1,1,0,1,20241219,20250117
IDFM:16638,0,0,0,0,1,1,0,20241220,20250117
IDFM:17419,0,0,1,1,1,0,0,20241219,20250117
IDFM:17445,0,0,1,0,0,0,0,20241225,20250115
IDFM:18273,1,1,1,1,1,0,0,20241219,20250117
IDFM:18561,1,1,1,1,1,1,1,20241219,20250117
IDFM:18572,0,0,0,0,0,1,1,20241221,20250112
IDFM:19773,0,0,0,0,0,0,1,20241229,20250105
IDFM:20339,0,0,1,0,1,0,0,20250108,20250117
IDFM:20349,1,1,0,1,0,0,0,20250106,20250116
IDFM:21480,0,1,1,0,1,1,0,20241224,20250104
IDFM:21609,1,0,0,0,0,0,0,20250113,20250113
IDFM:21844,0,1,1,1,1,0,0,20250107,20250117
IDFM:23006,0,0,0,0,0,1,1,20241221,20241222
IDFM:23045,0,0,0,0,0,1,1,20241228,20250105
IDFM:23067,0,0,0,0,0,1,1,20250111,20250112
IDFM:24612,0,0,0,0,0,0,1,20241229,20250105
IDFM:24660,1,1,0,1,1,1,0,20241223,20250104
IDFM:24661,1,1,1,1,1,1,0,20241219,20250117
IDFM:28766,0,0,1,0,0,0,1,20241225,20250112
IDFM:30536,0,0,1,0,0,0,1,20241225,20250112
IDFM:40887,0,1,0,1,1,0,0,20241219,20241231
IDFM:40966,0,1,1,1,1,0,0,20250102,20250117
IDFM:48859,1,1,0,1,1,0,0,20241219,20250117
IDFM:56156,0,1,0,1,1,0,0,20250102,20250117
IDFM:71273,0,0,1,0,0,0,1,20250101,20250105
IDFM:72237,1,0,0,1,1,0,0,20241219,20250110
IDFM:74595,0,0,0,0,0,1,1,20241221,20250112
IDFM:78619,1,1,0,1,1,0,0,20241223,20250103
IDFM:79385,0,0,0,0,0,0,1,20241222,20250112
IDFM:88723,1,1,0,0,1,0,0,20241220,20250117
IDFM:88842,0,0,0,0,0,0,1,20241222,20250112
IDFM:89275,1,1,0,0,1,0,0,20241223,20250103
IDFM:89791,1,1,1,0,1,0,0,20241220,20250117
IDFM:89794,0,0,1,1,0,0,0,20241219,20250116
IDFM:95633,0,1,0,0,1,0,0,20241220,20241231
IDFM:96458,0,0,0,1,1,0,0,20241219,20250117
IDFM:96565,0,0,0,1,1,0,0,20241219,20250117
IDFM:96605,1,1,0,1,1,0,0,20241219,20250117
IDFM:96732,0,0,0,0,1,0,0,20241220,20250117
IDFM:97005,0,0,0,0,1,0,0,20241220,20250117
IDFM:100000,1,1,0,0,0,0,0,20241223,20241231
IDFM:100055,0,1,0,0,0,0,0,20241224,20241231
IDFM:100065,0,0,0,1,1,0,0,20241219,20241220
IDFM:100074,0,0,0,1,0,0,0,20241219,20241219
IDFM:100089,0,0,0,0,1,0,0,20241220,20241220
IDFM:100147,0,0,0,0,0,1,1,20241221,20241229
IDFM:100244,0,0,0,0,0,1,0,20241221,20241228
IDFM:100358,0,0,0,0,0,0,1,20241222,20241229
IDFM:100361,0,0,0,0,0,1,0,20241221,20241221
IDFM:100394,0,0,0,0,1,1,0,20241220,20241221
IDFM:100660,1,1,0,0,0,0,1,20241222,20241231
IDFM:100709,0,1,0,0,1,1,0,20241220,20241231
IDFM:100795,1,0,0,0,0,0,0,20241223,20241230
IDFM:100863,0,1,0,0,1,0,0,20241220,20241231
IDFM:100894,0,1,0,0,0,0,0,20241224,20241231
IDFM:100895,0,0,0,0,0,1,0,20241228,20241228
IDFM:100972,0,0,0,0,0,1,0,20241219,20241228
IDFM:100984,1,1,0,1,1,0,0,20241219,20241231
IDFM:101008,1,1,0,1,1,1,0,20241219,20241231
IDFM:101097,0,0,0,0,0,1,0,20241219,20241228
IDFM:101109,1,0,0,1,0,0,1,20241219,20241230
IDFM:101113,1,0,0,1,0,0,0,20241219,20241230
IDFM:101118,1,1,0,1,1,1,1,20241219,20241231
IDFM:101121,1,1,0,1,0,0,0,20241219,20241231
IDFM:101122,1,1,0,1,1,0,1,20241219,20241231
IDFM:102131,0,0,0,0,0,0,1,20241222,20250112
IDFM:102245,0,0,1,1,1,0,1,20241219,20250117
IDFM:102264,1,1,1,1,1,0,0,20241219,20250117
IDFM:102266,0,0,0,0,1,0,0,20241220,20250117
IDFM:102267,0,0,0,0,0,1,0,20241221,20250111
IDFM:102342,1,1,1,1,0,0,0,20241219,20250116
IDFM:102683,1,0,0,1,0,0,0,20241223,20250102
IDFM:102746,0,1,0,0,1,0,0,20241224,20250103
IDFM:102822,1,1,0,1,1,0,0,20241219,20250117
IDFM:103105,1,1,1,1,1,0,0,20250102,20250117
IDFM:103107,0,0,0,0,0,0,1,20250101,20250112
IDFM:103208,0,0,0,0,0,1,0,20250104,20250111
IDFM:103640,0,0,0,0,0,0,1,20241222,20250112
IDFM:104226,0,0,0,0,1,0,0,20241220,20250117
IDFM:106114,1,0,0,1,0,0,0,20241219,20241230
IDFM:109408,0,0,0,0,0,1,0,20241220,20241228
IDFM:110123,0,0,0,0,0,0,1,20241219,20241229
IDFM:110444,0,0,0,0,0,0,1,20241221,20241229
IDFM:110465,0,0,0,1,1,1,0,20241219,20241221
IDFM:110622,0,0,0,0,0,0,1,20241220,20241229
IDFM:113561,0,0,0,0,0,1,1,20241221,20250112
IDFM:113754,1,0,0,1,0,0,0,20241223,20250103
IDFM:113855,1,1,1,1,1,0,0,20241220,20250117
IDFM:114348,0,0,0,0,1,0,0,20250103,20250103
IDFM:114366,1,1,1,1,0,0,0,20250106,20250116
IDFM:114401,0,0,0,0,1,0,0,20250110,20250117
IDFM:116071,0,1,0,0,0,0,0,20241231,20241231
IDFM:116176,0,0,0,0,0,1,0,20241221,20250111
IDFM:116511,0,0,0,1,1,1,0,20241219,20250117
IDFM:116580,0,0,0,0,0,1,0,20241221,20250111
IDFM:116650,0,0,0,0,0,1,0,20241228,20250104
IDFM:118003,1,0,0,0,0,0,1,20241222,20241230
IDFM:120924,0,0,1,0,0,0,0,20250101,20250101
IDFM:124063,0,0,0,0,0,0,1,20241222,20241229
IDFM:124772,0,0,1,0,0,0,0,20241225,20241225
IDFM:124851,1,1,0,0,1,0,0,20241220,20241231
IDFM:124886,1,0,0,0,0,0,0,20241220,20241230
IDFM:124888,0,1,0,0,1,0,0,20241219,20241231
IDFM:124972,0,1,0,0,0,0,0,20241219,20241231
IDFM:125496,0,0,0,0,0,1,1,20241221,20250112
IDFM:125621,1,1,1,1,1,0,0,20241219,20250117
IDFM:128459,0,0,0,1,1,1,0,20241219,20250117
IDFM:129360,1,1,0,1,1,1,0,20241221,20250104
IDFM:129395,0,0,0,0,1,1,0,20241220,20250117
IDFM:129399,0,0,1,1,0,0,1,20241219,20250116
IDFM:130387,0,0,0,0,0,0,1,20241222,20250112
IDFM:130399,1,1,0,1,1,0,0,20241219,20250117
IDFM:130417,1,1,0,1,0,0,0,20241219,20250116
IDFM:131360,0,0,1,0,1,0,0,20241220,20250117
IDFM:131413,0,0,0,0,0,0,1,20241222,20250112
IDFM:131503,0,0,0,0,0,1,0,20241219,20250111
IDFM:131511,0,0,1,1,1,0,0,20241220,20250117
IDFM:131519,0,0,0,0,1,0,0,20241220,20250117
IDFM:131705,1,0,1,1,0,0,0,20250101,20250116
IDFM:131708,1,1,1,1,1,0,0,20250101,20250117
IDFM:131713,0,1,0,0,1,0,0,20250103,20250117
IDFM:132958,0,0,0,0,1,0,0,20241220,20250117
IDFM:133026,1,1,0,1,1,1,0,20241219,20250117
IDFM:133605,1,1,1,1,0,0,0,20250102,20250116
IDFM:133787,0,0,0,0,1,0,0,20250103,20250117
IDFM:134357,1,1,0,0,0,1,0,20241221,20241231
IDFM:134381,0,0,0,0,0,1,0,20241221,20250111
IDFM:134758,1,0,0,1,1,0,0,20241219,20250117
IDFM:134767,0,0,0,0,0,1,0,20241221,20250111
IDFM:135836,0,1,0,0,1,0,0,20241220,20250103
IDFM:135924,0,0,0,0,1,0,0,20241220,20250111
IDFM:135932,1,0,0,1,0,0,0,20241219,20250102
IDFM:136155,0,0,0,0,0,1,1,20241221,20250104
IDFM:136374,0,0,0,1,0,0,0,20250102,20250102
IDFM:136424,1,1,1,1,1,0,1,20250101,20250117
IDFM:136432,0,0,0,0,0,0,1,20250101,20250112
IDFM:139279,1,0,0,1,0,0,0,20241219,20250116
IDFM:140538,0,0,1,0,0,0,1,20241222,20250101
IDFM:141488,0,0,1,1,1,0,0,20250101,20250103
IDFM:141499,0,0,1,1,0,0,0,20250101,20250102
IDFM:141677,0,0,0,0,0,0,1,20250105,20250112
IDFM:141862,1,1,0,0,0,1,0,20241223,20250104
IDFM:142553,0,0,1,1,1,1,1,20241219,20250117
IDFM:142579,0,0,0,0,0,0,1,20241222,20250112
IDFM:144578,0,0,0,0,0,1,1,20241221,20250112
IDFM:144588,0,0,0,0,0,1,0,20241221,20250111
IDFM:144713,0,0,0,0,0,1,0,20241221,20250111
IDFM:144858,0,0,0,0,0,1,0,20241228,20250111
IDFM:144893,1,1,0,1,1,1,1,20241221,20250103
IDFM:144986,0,0,0,0,0,0,1,20241221,20250112
IDFM:145009,0,0,0,0,0,0,1,20241222,20250112
IDFM:145027,0,0,1,0,0,0,0,20241219,20250115
IDFM:145077,1,1,0,0,0,0,0,20241223,20241231
IDFM:145138,0,0,0,0,0,1,1,20250101,20250112
IDFM:145380,1,1,0,1,1,0,0,20241219,20250103
IDFM:145386,1,1,1,1,1,0,0,20241219,20250117
IDFM:147934,1,1,1,1,1,1,0,20241219,20250117
IDFM:147972,0,0,0,0,0,1,0,20241221,20250111
IDFM:148261,0,0,1,1,1,1,1,20241219,20250117
IDFM:148271,0,0,1,1,1,0,1,20241219,20250117
IDFM:148273,1,1,1,1,1,1,1,20241219,20250117
IDFM:148287,1,1,0,1,1,0,0,20241223,20250103
IDFM:148318,1,1,0,1,1,1,0,20241223,20250104
IDFM:155543,0,0,0,0,1,0,0,20241219,20250117
IDFM:160949,0,0,0,0,1,0,0,20241220,20250117
IDFM:161129,1,0,0,1,1,0,0,20241219,20241230
IDFM:161413,0,0,0,0,1,0,0,20241220,20241227
IDFM:161936,0,1,0,0,0,0,0,20241224,20241231
IDFM:162045,0,1,0,0,0,0,1,20241222,20241231
IDFM:162256,1,1,0,1,0,0,0,20241219,20241231
IDFM:163729,1,1,1,1,1,0,0,20241219,20250117
IDFM:163735,1,1,1,1,0,0,0,20241219,20250116
IDFM:163742,0,0,0,0,1,0,0,20241219,20250117
IDFM:163782,1,1,0,1,1,0,0,20241223,20241227
IDFM:163787,1,0,0,1,0,0,0,20241223,20250102
IDFM:163825,1,1,0,1,0,0,0,20241223,20250103
IDFM:163839,1,1,0,1,0,0,0,20241223,20241226
IDFM:163905,0,1,0,0,0,0,0,20241223,20250103
IDFM:163906,0,0,0,1,0,0,0,20241226,20250102
IDFM:163907,0,0,0,0,1,0,0,20241227,20250103
IDFM:163908,0,0,0,1,0,0,0,20241226,20241226
IDFM:163911,0,0,0,0,1,0,0,20241227,20241227
IDFM:163913,1,1,0,0,0,0,0,20241223,20241224
IDFM:163916,0,0,0,0,1,0,0,20241226,20250103
IDFM:163926,0,0,0,1,1,0,0,20241226,20241227
IDFM:163941,1,0,0,0,1,0,0,20241230,20250103
IDFM:163954,0,0,0,0,1,0,0,20241226,20250103
IDFM:163955,1,1,0,0,1,0,0,20241223,20250103
IDFM:163957,1,0,0,1,0,0,0,20241223,20250102
IDFM:163966,0,1,0,0,0,0,0,20241223,20250103
IDFM:163968,1,1,0,0,1,0,0,20241223,20241227
IDFM:164028,0,0,0,0,1,0,0,20241227,20250103
IDFM:164029,0,0,0,1,0,0,0,20241226,20250102
IDFM:164033,1,0,0,0,0,0,0,20241223,20250103
IDFM:164034,0,1,0,1,0,0,0,20241223,20250102
IDFM:164036,0,0,0,1,0,0,0,20241223,20250102
IDFM:164037,0,0,0,1,0,0,0,20241226,20250102
IDFM:164038,1,1,1,1,0,0,0,20241220,20250116
IDFM:164053,1,1,0,0,0,0,0,20241223,20241231
IDFM:164058,0,0,0,0,1,0,0,20241227,20250103
IDFM:164097,1,1,0,0,0,0,0,20241223,20250102
IDFM:164101,0,0,0,1,1,0,0,20241226,20250103
IDFM:164103,1,1,0,1,0,0,0,20241223,20250102
IDFM:164112,0,0,0,1,0,0,0,20241226,20250102
IDFM:164115,1,0,0,0,0,0,0,20241223,20250102
IDFM:164116,1,0,0,0,0,0,0,20241223,20250102
IDFM:164129,1,1,0,0,0,0,0,20241223,20250103
IDFM:164135,1,1,0,0,0,0,0,20241230,20241231
IDFM:164139,1,1,0,1,1,0,0,20241230,20250103
IDFM:164142,0,1,0,0,1,0,0,20241231,20250103
IDFM:164143,1,1,0,0,0,0,0,20241223,20241231
IDFM:164160,0,1,0,1,1,0,0,20241231,20250103
IDFM:164162,1,1,0,0,1,0,0,20241230,20250103
IDFM:164172,0,1,0,1,0,0,0,20241231,20250102
IDFM:164173,0,0,0,1,0,0,0,20241226,20250102
IDFM:164175,0,0,0,0,1,0,0,20241227,20250103
IDFM:164178,0,0,0,0,1,0,0,20241227,20250103
IDFM:164188,1,0,0,0,1,0,0,20241223,20250103
IDFM:164191,0,0,0,1,1,0,0,20241223,20250103
IDFM:164192,1,1,0,0,1,0,0,20241223,20250103
IDFM:164213,1,0,0,0,0,0,0,20241223,20241230
IDFM:164216,0,1,0,0,0,0,0,20241223,20241231
IDFM:164219,1,0,0,1,0,0,0,20241230,20250102
IDFM:164222,0,1,0,0,0,0,0,20241223,20241231
IDFM:164242,1,0,0,0,0,0,0,20241223,20241230
IDFM:164244,1,0,0,1,1,0,0,20241230,20250103
IDFM:164246,0,1,0,0,0,0,0,20241223,20250103
IDFM:164248,1,0,0,0,0,0,0,20241223,20250103
IDFM:164290,1,0,0,0,0,0,0,20241230,20241230
IDFM:164291,0,0,0,1,1,0,0,20241226,20250103
IDFM:164302,1,0,0,0,1,0,0,20241223,20250103
IDFM:164303,0,1,0,0,0,0,0,20241223,20250102
IDFM:164307,0,0,0,1,0,0,0,20241226,20250103
IDFM:164315,0,0,0,1,1,0,0,20241226,20250103
IDFM:164383,0,0,0,1,0,0,0,20241226,20250102
IDFM:164384,0,0,0,1,1,0,0,20241226,20250103
IDFM:164386,0,1,0,0,0,0,0,20241223,20241231
IDFM:164387,0,0,0,1,0,0,0,20241223,20250103
IDFM:164388,0,0,0,1,0,0,0,20241223,20250102
IDFM:164429,0,1,0,1,0,0,0,20241223,20250102
IDFM:164431,0,1,0,0,0,0,0,20241223,20241231
IDFM:168454,1,1,0,0,0,0,0,20241221,20241231
IDFM:168792,0,0,0,1,1,0,0,20241219,20250117
IDFM:168941,0,0,0,0,0,1,0,20241221,20250111
IDFM:168944,0,0,0,0,0,1,1,20241221,20250112
IDFM:169249,0,1,0,0,0,0,0,20241219,20241231
IDFM:169250,0,0,0,1,0,0,0,20241219,20250102
IDFM:169373,1,0,0,0,0,0,0,20241223,20250116
IDFM:169375,1,1,0,1,0,0,0,20241219,20250116
IDFM:169377,1,0,0,0,0,0,0,20241223,20250113
IDFM:169378,0,1,1,1,0,0,0,20250107,20250116
IDFM:169380,0,0,0,1,0,0,0,20241226,20250102
IDFM:169381,0,1,0,0,0,0,0,20241224,20250116
IDFM:169382,1,0,0,1,0,0,0,20241219,20250116
IDFM:169393,1,0,0,0,0,0,0,20241223,20250113
IDFM:169409,1,0,0,0,0,0,0,20241223,20250113
IDFM:169431,0,1,1,1,0,0,0,20241219,20250116
IDFM:169433,1,0,0,0,0,0,0,20241219,20250113
IDFM:169441,0,1,0,1,0,0,0,20241219,20250116
IDFM:169460,1,0,0,0,0,0,0,20241219,20250113
IDFM:169462,0,0,0,1,0,0,0,20241219,20250116
IDFM:169472,0,1,0,1,0,0,0,20241219,20250102
IDFM:169541,0,0,0,0,0,1,0,20241221,20250111
IDFM:169636,0,0,0,1,0,0,0,20241226,20250116
IDFM:169645,1,0,0,0,0,0,1,20241219,20250113
IDFM:169646,0,0,0,0,1,0,0,20241220,20250117
IDFM:169649,1,0,0,0,0,0,0,20241223,20250113
IDFM:169659,0,1,0,1,0,0,0,20241219,20250116
IDFM:169662,0,0,0,0,1,0,0,20241220,20250117
IDFM:169685,0,0,0,0,1,0,0,20241227,20250103
IDFM:169753,0,0,0,1,0,1,0,20241226,20250104
IDFM:169754,0,1,0,1,0,0,0,20241224,20250102
IDFM:169828,0,0,0,0,0,0,1,20241222,20250112
IDFM:170002,0,0,0,0,1,1,0,20241227,20250104
IDFM:170055,0,0,1,0,0,0,1,20241222,20250116
IDFM:170066,0,0,0,0,0,0,1,20241222,20250112
IDFM:170091,0,0,0,0,0,0,1,20241221,20250112
IDFM:170189,1,0,0,1,0,0,0,20241219,20250113
IDFM:170200,1,0,0,1,0,0,0,20241219,20250113
IDFM:170238,1,0,0,1,0,0,0,20241219,20250113
IDFM:170239,0,0,0,0,0,1,0,20241219,20250104
IDFM:170328,0,0,0,0,1,0,0,20241220,20250117
IDFM:170334,1,0,0,0,1,0,0,20241220,20250117
IDFM:170438,1,0,0,1,0,0,0,20241223,20250116
IDFM:174805,1,1,0,1,0,0,0,20241223,20250102
IDFM:175295,0,0,0,0,0,1,0,20241221,20250111
IDFM:175749,0,0,1,0,0,0,1,20241222,20250105
IDFM:178383,0,0,0,0,0,1,1,20241221,20250112
IDFM:178418,1,1,1,1,1,1,0,20241221,20250117
IDFM:178421,1,1,1,1,1,1,1,20241221,20250117
IDFM:178460,1,1,1,1,1,0,1,20241222,20250117
IDFM:178642,1,1,1,1,1,0,0,20241223,20250117
IDFM:178936,0,0,0,0,0,0,1,20241221,20250112
IDFM:179678,0,0,0,0,0,0,1,20241221,20250112
IDFM:180932,0,0,0,1,1,1,0,20241219,20250111
IDFM:183326,0,0,0,0,1,0,0,20241219,20250103
IDFM:183342,0,1,0,0,1,0,0,20241219,20250103
IDFM:183528,0,0,0,1,0,0,0,20241219,20250117
IDFM:183529,0,0,0,1,0,0,0,20241219,20250116
IDFM:183539,1,0,0,1,0,0,0,20241219,20250102
IDFM:183553,1,1,0,1,1,0,0,20241223,20250117
IDFM:183567,1,0,0,1,0,0,0,20241223,20250117
IDFM:183572,0,0,0,0,1,0,0,20241223,20250117
IDFM:183650,1,1,0,1,0,0,0,20241223,20250116
IDFM:183656,0,1,0,0,1,0,0,20241224,20250117
IDFM:183682,0,0,0,0,1,0,0,20241224,20250117
IDFM:183688,0,0,0,0,1,0,0,20241224,20250117
IDFM:183689,0,1,0,0,0,0,0,20241224,20250116
IDFM:183703,0,1,0,0,1,0,0,20241224,20250117
IDFM:185402,0,1,0,0,0,0,0,20241219,20241231
IDFM:185685,0,1,0,0,0,0,0,20241220,20241231
IDFM:185950,1,0,0,0,0,0,0,20241223,20241230
IDFM:186538,1,1,0,1,1,0,0,20241219,20250117
IDFM:187287,1,1,0,1,1,0,0,20241219,20241231
IDFM:188692,1,0,0,0,0,0,0,20241223,20241230
IDFM:188794,0,1,0,0,0,0,0,20241224,20241231
IDFM:189715,0,0,0,0,0,0,1,20250101,20250112
IDFM:192422,0,0,0,0,0,0,1,20241222,20241229
IDFM:194603,1,1,1,1,1,1,0,20250101,20250117
IDFM:194882,1,1,1,1,1,1,1,20250101,20250117
IDFM:195877,1,0,1,1,0,0,0,20241219,20250116
IDFM:195882,1,0,0,1,0,0,0,20241223,20250102
IDFM:196158,0,0,0,0,1,1,0,20241220,20250117
IDFM:197779,0,0,1,1,1,0,0,20241219,20250117
IDFM:199244,0,0,0,0,0,1,0,20241221,20250111
IDFM:199256,1,1,0,0,0,1,0,20241221,20241231
IDFM:199285,1,1,0,1,1,1,0,20250102,20250117
IDFM:199294,0,0,0,0,0,1,0,20250102,20250111
IDFM:199346,1,1,1,1,1,1,0,20241219,20250117
IDFM:199358,0,0,1,0,0,0,0,20241219,20250115
IDFM:199425,1,1,0,1,1,0,0,20241219,20241231
IDFM:199960,0,0,0,0,0,0,1,20241219,20241229
IDFM:200061,0,0,0,0,0,0,1,20241222,20250112
IDFM:200065,0,0,0,0,0,1,1,20241221,20250112
IDFM:200156,0,0,0,0,0,0,1,20241222,20250112
IDFM:200376,1,1,0,1,1,0,0,20241223,20250111
IDFM:200390,0,0,1,1,1,0,1,20241219,20250117
IDFM:200391,1,1,1,1,1,1,1,20241219,20250117
IDFM:200875,1,1,0,1,1,1,0,20241219,20241231
IDFM:201077,0,0,1,0,0,1,0,20241221,20250115
IDFM:201081,0,0,1,0,0,0,0,20241225,20250115
IDFM:201090,1,1,0,1,1,0,0,20241219,20250117
IDFM:201128,1,1,0,1,1,0,0,20241219,20250117
IDFM:201725,1,0,1,1,0,0,1,20241219,20250116
IDFM:201726,0,0,0,0,1,1,0,20241220,20250117
IDFM:201769,1,1,0,1,1,0,0,20241219,20250117
IDFM:201777,1,1,0,1,1,0,0,20241219,20250117
IDFM:201779,1,0,0,1,1,0,0,20241223,20250103
IDFM:201780,1,1,0,1,1,0,0,20241219,20250117
IDFM:201805,1,1,1,1,1,1,1,20241219,20250117
IDFM:201817,1,1,1,1,1,1,1,20241219,20250117
IDFM:201850,1,1,1,1,0,1,1,20241219,20250116
IDFM:201887,0,0,0,0,0,0,1,20241222,20250112
IDFM:201901,1,1,1,1,1,0,1,20241219,20250117
IDFM:201941,1,1,1,1,1,0,1,20241219,20250117
IDFM:201946,0,0,0,0,0,0,1,20241222,20250112
IDFM:201988,0,1,0,1,1,0,0,20241219,20250117
IDFM:202006,1,1,0,1,1,1,0,20241219,20250117
IDFM:202008,1,0,0,1,0,0,0,20241219,20250116
IDFM:202043,1,1,0,1,0,0,0,20241219,20250116
IDFM:202079,1,0,0,1,1,0,0,20241219,20250117
IDFM:202177,1,1,0,1,1,1,0,20241219,20250117
IDFM:202184,1,1,0,1,0,0,0,20241219,20250116
IDFM:202422,0,0,0,0,0,1,0,20241221,20250111
IDFM:202437,0,0,0,0,1,0,0,20241220,20250117
IDFM:202566,0,0,0,0,0,1,0,20241221,20250111
IDFM:202723,0,0,0,0,0,1,0,20241221,20250111
IDFM:202728,0,0,0,0,1,0,0,20241220,20250117
IDFM:203272,0,0,0,0,1,0,0,20241220,20250117
IDFM:203838,0,0,0,0,0,0,1,20241222,20250112
IDFM:204435,0,0,0,0,1,0,0,20241220,20250117
IDFM:204554,0,0,0,0,1,0,0,20241220,20250117
IDFM:205590,1,0,0,1,0,0,0,20241223,20241226
IDFM:205592,0,1,0,0,1,0,0,20241224,20241227
IDFM:205595,0,0,0,0,1,1,0,20241220,20250117
IDFM:205596,1,1,0,1,0,0,0,20241219,20250116
IDFM:205627,1,0,1,1,0,0,0,20241219,20250116
IDFM:205652,0,0,0,0,0,1,0,20241221,20250111
IDFM:205684,1,0,1,1,1,0,0,20241219,20250117
IDFM:205808,0,0,0,0,0,0,1,20241222,20250112
IDFM:205814,0,0,0,0,1,0,1,20241220,20250117
IDFM:205853,0,0,0,0,0,0,1,20241222,20250112
IDFM:205915,0,0,0,0,0,0,1,20241222,20250112
IDFM:205942,1,0,0,1,0,0,0,20241219,20250116
IDFM:206007,1,1,0,1,1,0,0,20241219,20250117
IDFM:206022,1,0,0,1,0,1,0,20241219,20250116
IDFM:206048,1,0,0,1,1,0,0,20241219,20250117
IDFM:206052,1,0,0,1,0,0,0,20241219,20250116
IDFM:206053,1,0,0,1,1,0,0,20241219,20250117
IDFM:206099,0,1,0,1,0,0,0,20241219,20250116
IDFM:206246,0,1,0,1,0,0,0,20241219,20250116
IDFM:206270,1,1,0,1,0,0,0,20241219,20250116
IDFM:206358,0,0,0,0,1,0,0,20241220,20250117
IDFM:206365,0,0,0,0,1,0,0,20241220,20250117
IDFM:206427,0,0,0,0,0,1,0,20241221,20250111
IDFM:206494,0,0,0,0,0,1,0,20241221,20250111
IDFM:206519,1,1,0,1,0,0,0,20241230,20250102
IDFM:206529,0,0,0,0,1,0,0,20241220,20250117
IDFM:206668,0,1,0,0,0,0,0,20241224,20250102
IDFM:206732,0,0,0,0,0,1,0,20241221,20250111
IDFM:206747,0,0,0,0,0,1,0,20241221,20250111
IDFM:206945,0,0,0,0,1,1,0,20241220,20250117
IDFM:206999,0,0,0,0,1,0,0,20241220,20250117
IDFM:207073,0,0,0,0,1,0,0,20241220,20250117
IDFM:207125,0,0,0,0,1,0,0,20241220,20250117
IDFM:207194,0,0,0,0,1,0,0,20241224,20250103
IDFM:207616,1,0,1,1,0,0,1,20241219,20250116
IDFM:207656,1,0,1,1,0,1,1,20241219,20250116
IDFM:207659,1,1,1,1,1,0,0,20241219,20250117
IDFM:207666,0,0,0,0,1,0,0,20241220,20250117
IDFM:207703,0,0,1,1,0,0,0,20241219,20250116
IDFM:207772,1,0,1,1,0,0,0,20241230,20250102
IDFM:207801,1,1,1,1,1,1,0,20241219,20250117
IDFM:207816,0,0,0,0,1,0,1,20241220,20250117
IDFM:207833,0,0,1,0,1,0,0,20250101,20250103
IDFM:207854,1,1,1,1,1,0,1,20241219,20250117
IDFM:207867,0,0,0,0,0,0,1,20241222,20250112
IDFM:207965,1,1,1,1,1,1,1,20241219,20250117
IDFM:208060,1,0,0,1,1,1,0,20241219,20250117
IDFM:208168,0,0,0,1,0,0,0,20241219,20250116
IDFM:208275,0,0,0,1,0,1,0,20241219,20250116
IDFM:208345,0,0,0,0,0,1,0,20241221,20250111
IDFM:208513,1,0,0,1,0,0,0,20241223,20250103
IDFM:209707,0,0,0,0,0,1,0,20241221,20250111
IDFM:209849,0,0,0,0,0,0,1,20241222,20250112
IDFM:209853,0,0,0,0,0,0,1,20241222,20250112
IDFM:209929,0,0,0,0,0,0,1,20241222,20250112
IDFM:210057,1,1,0,1,0,0,0,20241219,20250116
IDFM:210081,1,1,0,1,0,0,0,20241219,20250116
IDFM:210109,1,1,0,1,0,0,0,20241219,20250116
IDFM:210114,1,1,0,1,0,0,0,20241219,20250116
IDFM:210153,1,1,0,1,1,0,0,20241219,20250117
IDFM:210162,1,1,0,1,0,0,0,20241219,20250116
IDFM:210193,1,1,0,1,1,1,0,20241219,20250117
IDFM:210198,1,1,0,1,0,0,0,20241219,20250116
IDFM:210205,1,1,0,1,1,0,0,20241219,20250117
IDFM:210260,0,1,0,1,1,1,0,20241219,20250117
IDFM:210273,0,1,0,1,1,0,0,20241219,20250117
IDFM:210339,0,1,0,1,0,1,0,20241219,20250116
IDFM:210397,0,1,0,0,1,0,0,20241224,20250103
IDFM:210511,0,0,0,0,1,0,0,20241220,20250117
IDFM:210526,0,0,0,0,1,0,0,20241220,20250117
IDFM:210544,0,0,0,0,0,1,0,20241221,20250111
IDFM:211544,0,0,0,0,1,0,1,20241220,20250117
IDFM:211759,1,1,0,1,1,0,0,20241219,20250117
IDFM:212127,0,0,0,0,1,1,0,20241220,20250117
IDFM:212830,0,0,0,0,0,1,1,20241221,20250112
IDFM:212899,0,0,1,0,0,0,0,20241222,20250116
IDFM:213059,1,1,0,1,1,0,0,20241219,20250117
IDFM:213073,0,0,0,0,0,1,1,20250101,20250112
IDFM:213079,0,0,0,0,0,0,1,20250101,20250112
IDFM:213364,1,1,1,1,1,0,0,20241219,20250117
IDFM:213403,0,0,0,0,0,0,1,20241222,20250102
IDFM:213412,1,1,1,1,1,0,0,20241219,20250117
IDFM:213450,1,0,1,1,0,0,0,20241219,20250116
IDFM:213594,0,1,0,1,1,0,0,20241219,20241231
IDFM:213598,0,0,0,1,0,0,0,20241219,20241226
IDFM:213604,1,1,0,1,0,0,0,20241219,20250116
IDFM:213605,1,1,0,1,0,0,0,20241219,20250116
IDFM:213642,1,1,0,1,1,0,0,20241219,20250117
IDFM:213719,0,0,0,0,1,0,0,20241219,20250117
IDFM:213765,1,1,0,1,1,0,0,20241219,20250102
IDFM:213875,1,0,0,1,0,0,0,20241219,20250116
IDFM:213886,0,0,0,1,0,1,0,20241219,20241228
IDFM:214013,0,0,0,0,1,0,0,20241230,20250117
IDFM:214033,1,1,1,1,0,0,0,20241230,20250116
IDFM:214034,0,0,0,0,0,1,0,20241221,20250102
IDFM:214370,0,1,0,0,1,0,0,20241220,20250117
IDFM:214388,0,1,0,0,0,0,0,20241220,20250116
IDFM:214541,0,0,0,0,0,1,0,20250103,20250111
IDFM:214882,0,0,0,0,1,0,0,20241220,20250117
IDFM:215380,0,0,0,0,1,0,0,20241220,20250117
IDFM:215744,0,0,0,0,1,0,0,20241220,20241227
IDFM:216013,0,0,0,0,1,0,0,20241220,20250117
IDFM:216024,0,1,0,0,1,0,1,20241220,20241231
IDFM:216054,1,0,1,1,0,0,0,20241219,20250116
IDFM:216085,0,1,0,1,1,0,1,20241219,20241231
IDFM:216317,0,1,0,1,1,1,0,20241219,20241231
IDFM:216373,0,0,0,1,1,0,0,20241219,20250117
IDFM:216501,1,0,0,1,0,0,0,20241219,20250117
IDFM:216744,0,1,0,0,1,0,0,20241220,20250102
IDFM:216809,0,0,0,0,1,0,0,20241220,20250117
IDFM:218585,0,0,0,0,0,0,1,20241219,20241229
IDFM:220183,0,0,0,0,0,0,1,20241222,20241229
IDFM:220225,0,0,0,0,0,1,0,20241221,20241228
IDFM:220258,0,0,0,1,0,1,0,20241219,20241228
IDFM:220269,0,0,0,0,0,0,1,20241222,20241229
IDFM:220278,0,0,0,0,1,0,0,20241220,20241227
IDFM:220292,0,0,0,1,1,0,0,20241219,20241227
IDFM:220317,0,0,0,1,0,0,0,20241219,20241227
IDFM:220415,1,0,0,1,0,1,0,20241219,20241230
IDFM:220440,1,0,0,1,0,1,1,20241219,20241230
IDFM:220451,1,0,0,1,0,1,1,20241219,20241230
IDFM:220754,0,0,0,0,0,1,1,20241221,20241229
IDFM:221015,0,0,0,0,0,1,0,20241221,20241228
IDFM:221037,0,0,0,0,1,0,0,20241219,20241227
IDFM:221075,0,0,0,0,1,0,1,20241220,20241229
IDFM:221102,0,0,0,0,1,0,0,20241220,20241230
IDFM:221367,0,0,0,0,0,0,1,20241222,20241231
IDFM:221368,0,0,0,0,0,1,1,20241221,20241231
IDFM:221511,0,0,0,0,0,1,0,20241221,20241230
IDFM:221517,0,0,0,0,0,0,1,20241222,20241230
IDFM:221556,0,0,0,0,0,0,1,20241219,20241230
IDFM:221665,0,1,0,0,0,0,0,20241224,20241231
IDFM:221916,0,0,0,0,0,1,0,20241221,20241231
IDFM:222026,0,0,0,1,0,0,0,20241219,20241231
IDFM:222032,1,0,0,1,1,1,1,20241219,20241230
IDFM:222097,0,0,0,0,1,1,0,20241220,20241228
IDFM:222206,1,0,0,1,0,0,1,20241219,20241231
IDFM:222412,0,0,0,0,0,1,1,20241221,20241230
IDFM:223095,1,0,0,1,0,0,0,20241219,20241231
IDFM:224347,0,0,0,0,0,1,1,20241221,20250112
IDFM:225190,0,0,0,0,0,1,1,20241221,20250112
IDFM:225256,0,0,0,0,0,1,1,20241221,20250112
IDFM:225648,0,0,0,0,0,1,0,20241221,20250111
IDFM:226059,1,1,1,1,1,0,1,20241219,20250117
IDFM:226098,0,0,0,0,0,0,1,20241222,20250112
IDFM:226130,0,0,0,0,1,1,1,20241220,20250117
IDFM:227091,1,0,0,1,0,1,0,20241219,20250116
IDFM:227933,0,1,1,1,0,0,1,20241219,20250116
IDFM:227962,1,0,0,1,1,0,0,20241220,20250117
IDFM:228019,1,1,1,1,0,0,0,20241230,20250116
IDFM:228048,0,0,0,1,0,0,0,20241219,20250102
IDFM:228072,0,0,0,1,0,0,0,20241219,20250103
IDFM:228089,1,1,0,1,1,0,0,20241220,20250117
IDFM:228249,0,1,0,1,1,0,0,20241219,20250103
IDFM:228443,0,1,0,1,0,0,0,20241219,20250116
IDFM:228515,1,0,0,1,1,0,0,20241220,20250117
IDFM:228529,1,1,0,1,1,0,0,20241220,20250117
IDFM:228530,0,1,0,0,1,0,0,20241220,20250117
IDFM:228551,1,1,1,1,0,0,0,20241224,20250116
IDFM:228614,1,1,1,1,0,0,0,20241231,20250116
IDFM:228723,0,1,0,0,1,0,0,20241223,20250103
IDFM:229750,1,1,1,1,1,1,1,20241219,20250117
IDFM:229833,1,0,0,1,0,1,0,20241219,20250116
IDFM:229851,1,1,0,1,1,0,0,20241220,20250117
IDFM:230039,0,0,0,0,1,1,0,20241219,20250117
IDFM:230333,0,1,0,0,1,0,0,20241220,20250117
IDFM:230390,1,1,1,1,0,0,0,20241223,20250116
IDFM:230776,0,0,0,0,1,1,0,20241220,20250117
IDFM:231323,0,0,0,0,0,1,1,20241221,20250112
IDFM:231376,0,0,0,0,0,0,1,20241222,20250112
IDFM:231391,1,1,1,1,0,0,1,20241219,20250116
IDFM:231464,0,0,0,0,1,0,1,20241220,20250117
IDFM:231553,1,1,0,1,0,0,0,20241219,20250116
IDFM:231561,1,1,0,1,1,1,0,20241219,20250117
IDFM:231879,1,1,0,1,0,1,0,20241219,20250116
IDFM:231897,0,0,0,0,0,1,0,20241221,20250111
IDFM:232734,1,0,1,1,0,1,1,20241219,20250116
IDFM:232794,1,1,1,1,1,0,1,20241219,20250117
IDFM:234255,0,0,0,1,1,1,1,20241219,20241229
IDFM:234270,0,0,0,1,1,1,0,20241219,20241228
IDFM:234948,0,0,0,0,0,1,1,20241219,20241229
IDFM:235562,0,0,0,0,0,1,0,20241221,20241228
IDFM:235984,0,0,0,0,0,1,1,20241219,20241231
IDFM:236186,1,0,0,0,0,0,0,20241223,20241231
IDFM:236958,0,1,0,0,1,1,1,20241220,20241231
IDFM:238501,0,0,1,1,1,0,0,20241219,20250117
IDFM:238507,1,1,0,1,1,1,0,20241223,20250111
IDFM:238518,1,1,1,1,1,1,0,20250104,20250117
IDFM:238530,0,0,0,0,0,1,1,20241219,20241229
IDFM:238594,0,0,0,0,0,1,0,20241221,20250112
IDFM:238716,1,1,0,1,1,0,1,20241219,20250103
IDFM:238749,1,1,0,1,1,0,0,20241219,20250117
IDFM:238856,1,1,0,1,1,1,0,20241219,20250117
IDFM:239119,0,0,0,0,0,1,0,20241223,20250111
IDFM:240189,0,0,0,0,0,0,1,20241221,20250112
IDFM:240200,0,0,0,0,0,0,1,20241221,20250112
IDFM:240252,0,0,0,0,0,1,1,20241220,20241229
IDFM:240275,0,0,0,0,0,0,1,20241222,20250112
IDFM:240301,0,0,0,0,0,0,1,20241222,20250112
IDFM:240401,0,0,0,0,0,0,1,20241230,20250112
IDFM:240419,1,1,0,1,1,0,1,20241222,20250103
IDFM:240528,1,1,1,1,1,0,0,20241230,20250117
IDFM:240661,1,1,0,1,1,0,0,20241221,20250117
IDFM:240677,0,0,0,1,1,0,0,20241219,20250103
IDFM:241906,0,0,0,0,0,1,0,20241221,20241231
IDFM:244028,1,0,0,1,1,0,1,20241219,20241230
IDFM:244123,0,0,0,1,0,0,0,20241219,20241226
IDFM:244947,0,0,0,0,0,0,1,20241222,20241229
IDFM:247040,1,1,1,1,0,0,0,20250102,20250116
IDFM:247057,0,0,0,0,1,0,0,20241220,20250117
IDFM:247069,0,0,0,0,0,1,1,20241219,20250112
IDFM:247214,0,0,0,0,1,0,1,20241220,20250117
IDFM:247289,0,0,0,0,1,0,1,20241220,20250117
IDFM:247329,0,1,0,0,0,1,1,20241221,20241231
IDFM:247342,0,1,0,0,0,0,1,20241222,20241231
IDFM:247418,0,0,0,0,1,1,1,20241220,20250117
IDFM:248239,1,0,0,0,0,1,0,20241221,20241230
IDFM:248514,0,0,0,0,0,1,0,20241221,20250111
IDFM:248523,0,0,0,0,1,1,0,20241220,20250117
IDFM:248531,0,1,0,0,0,1,0,20241221,20241231
IDFM:248824,0,0,1,1,1,0,1,20241222,20250117
IDFM:248888,0,0,0,0,1,1,0,20250103,20250117
IDFM:249902,0,0,0,0,0,1,0,20241219,20250111
IDFM:250241,0,0,0,0,1,0,1,20250101,20250117
IDFM:250243,0,0,0,0,1,1,1,20250101,20250117
IDFM:250663,0,1,0,1,0,0,0,20241219,20250116
IDFM:251184,1,1,0,1,0,0,0,20241219,20250116
IDFM:254242,0,0,0,0,0,1,1,20241221,20250112
IDFM:254298,1,0,1,1,1,0,1,20241219,20250117
IDFM:254317,0,1,1,1,0,1,1,20241219,20250116
IDFM:254453,0,0,0,0,1,0,0,20241220,20250117
IDFM:254473,1,1,0,1,0,1,0,20241219,20250116
IDFM:254490,0,0,0,0,1,1,0,20241220,20250117
IDFM:254666,0,1,0,1,0,1,0,20241219,20250116
IDFM:254708,0,1,0,1,1,1,0,20241219,20250117
IDFM:256147,0,0,0,0,0,1,1,20241221,20250112
IDFM:257655,0,1,0,0,0,0,0,20241224,20250114
IDFM:257658,1,1,1,1,0,1,1,20241219,20250116
IDFM:257659,1,0,1,1,1,1,1,20241219,20250117
IDFM:257662,0,0,0,1,0,0,0,20241219,20250116
IDFM:257663,1,1,1,0,0,1,1,20241221,20250115
IDFM:257664,0,0,0,1,1,0,0,20241219,20250117
IDFM:257684,1,1,0,0,0,0,0,20241223,20250115
IDFM:257703,0,0,0,1,0,0,0,20241219,20250116
IDFM:257715,0,0,0,1,1,0,0,20241219,20250117
IDFM:257773,1,1,1,0,1,1,1,20241220,20250117
IDFM:257797,1,0,0,0,0,1,1,20241221,20250113
IDFM:257810,0,1,0,1,1,0,0,20241219,20250117
IDFM:257812,0,0,0,0,1,1,1,20241220,20250117
IDFM:258026,1,0,1,0,0,1,1,20241221,20250115
IDFM:258247,0,0,0,0,1,0,0,20241220,20250117
IDFM:258762,0,0,0,0,0,0,1,20241222,20250112
IDFM:259649,1,0,0,1,1,1,0,20241219,20250117
IDFM:259928,0,0,1,1,0,1,1,20241219,20250116
IDFM:260327,0,0,0,0,1,1,1,20241220,20250117
IDFM:260332,0,0,0,0,1,0,1,20241220,20250117
IDFM:260335,0,0,0,0,1,0,1,20241220,20250117
IDFM:260341,0,0,0,0,1,1,1,20241220,20250117
IDFM:260510,0,1,1,1,1,0,1,20241219,20250117
IDFM:260525,1,1,1,1,0,0,1,20241219,20250116
IDFM:261937,0,1,0,1,1,0,0,20241219,20250117
IDFM:262350,0,0,0,0,1,1,0,20241220,20241231
IDFM:262354,0,0,0,1,0,0,1,20241219,20241229
IDFM:262927,0,0,0,0,1,1,0,20241220,20241231
IDFM:262930,0,0,0,1,0,0,1,20241219,20241229
IDFM:263019,0,0,0,0,0,0,1,20241222,20241229
IDFM:263020,1,1,0,0,1,1,1,20241220,20241231
IDFM:263088,0,0,0,0,1,1,0,20241219,20241231
IDFM:267043,1,0,0,1,0,0,0,20241219,20250116
IDFM:267058,1,0,1,1,0,0,0,20241219,20250116
IDFM:267068,1,0,0,1,0,0,0,20241219,20250116
IDFM:267076,0,1,0,0,1,0,0,20241220,20250117
IDFM:267090,0,1,0,0,1,0,0,20241220,20250117
IDFM:267282,0,0,1,1,0,0,1,20241219,20250116
IDFM:267312,0,0,0,0,1,1,0,20241220,20250117
IDFM:267373,0,0,0,1,0,0,0,20241219,20250116
IDFM:267570,0,0,0,1,0,1,0,20241219,20250116
IDFM:267862,0,0,0,0,1,0,1,20241220,20250117
IDFM:267864,0,1,0,0,1,0,0,20241220,20250117
IDFM:267868,0,1,0,0,1,1,0,20241220,20250117
IDFM:267869,0,1,0,0,1,1,0,20241220,20250117
IDFM:267956,1,0,1,1,0,0,1,20241219,20250116
IDFM:267962,0,0,0,0,1,1,1,20241220,20250117
IDFM:268030,1,0,0,1,0,1,0,20241219,20250116
IDFM:268056,1,0,0,1,0,1,0,20241219,20250116
IDFM:268073,0,0,0,0,1,0,0,20241220,20250117
IDFM:268103,1,0,1,1,0,0,1,20241219,20250116
IDFM:268105,0,0,1,1,0,0,1,20241219,20250116
IDFM:268108,0,1,0,0,1,1,1,20241220,20250117
IDFM:268110,1,0,1,1,0,1,1,20241219,20250116
IDFM:268159,0,1,0,0,1,0,1,20241220,20250117
IDFM:268160,0,0,0,0,1,0,1,20241220,20250117
IDFM:268165,0,0,0,0,1,1,1,20241220,20250117
IDFM:268296,0,1,1,1,1,1,1,20241219,20250117
IDFM:268298,0,0,1,1,0,1,1,20241219,20250116
IDFM:269319,0,0,0,1,1,0,0,20241219,20250117
IDFM:269599,0,0,1,1,1,0,1,20241219,20250117
IDFM:269655,1,1,1,1,1,0,1,20241219,20250117
IDFM:269674,1,1,0,1,1,0,0,20241219,20250117
IDFM:271803,1,1,1,1,1,0,1,20241222,20250105
IDFM:271819,1,1,1,1,1,0,0,20241219,20250117
IDFM:271836,0,0,0,0,0,1,0,20241228,20250112
IDFM:271852,0,0,0,1,1,0,0,20241219,20250117
IDFM:271857,0,0,1,1,1,0,1,20241219,20250117
IDFM:271876,1,1,1,1,1,1,0,20241219,20250117
IDFM:271878,0,0,0,0,0,1,1,20241221,20250111
IDFM:271918,1,1,0,1,1,0,0,20241223,20250112
IDFM:271920,1,1,0,1,1,0,0,20241219,20250117
IDFM:271925,1,1,1,1,1,0,1,20241219,20250117
IDFM:271930,1,1,1,1,0,1,1,20241219,20250116
IDFM:271931,1,1,1,1,0,0,1,20241219,20250116
IDFM:271991,1,1,0,1,1,0,0,20241219,20250117
IDFM:272034,1,1,1,1,1,0,1,20241219,20250117
IDFM:272080,0,0,1,1,1,0,1,20241219,20250117
IDFM:272084,0,0,0,0,0,1,1,20241221,20250111
IDFM:272321,0,0,1,0,0,1,1,20241222,20250105
IDFM:274170,0,0,0,0,0,0,1,20241222,20250112
IDFM:274207,1,1,0,1,1,0,0,20241219,20250103
IDFM:274453,0,0,0,0,0,0,1,20241221,20250112
IDFM:274454,0,0,0,0,0,0,1,20241219,20250112
IDFM:274480,1,1,1,1,1,1,0,20250102,20250117
IDFM:274484,0,0,0,0,0,1,0,20250102,20250111
IDFM:274664,0,0,0,0,0,1,0,20250104,20250111
IDFM:274836,1,1,1,1,1,1,0,20250102,20250117
IDFM:282510,1,1,1,0,0,0,0,20250106,20250115
IDFM:285940,0,1,0,0,0,0,0,20250107,20250114
IDFM:288353,0,0,1,0,0,0,1,20241225,20250105
IDFM:288365,0,0,1,0,0,1,1,20241225,20250105
IDFM:288496,0,0,0,0,0,0,1,20241222,20250112
IDFM:288522,0,0,0,0,0,1,1,20241221,20250112
IDFM:290080,0,1,1,1,1,1,0,20241219,20250117
IDFM:297402,0,0,1,0,0,1,0,20241221,20250115
IDFM:297906,0,1,0,1,1,1,0,20241219,20250117
IDFM:297921,0,1,0,1,1,0,0,20241219,20250117
IDFM:300520,0,0,0,1,0,0,0,20241219,20250116
IDFM:302442,1,0,1,1,1,0,0,20241219,20250117
IDFM:303656,0,1,1,1,1,0,0,20241219,20250117
IDFM:303658,1,0,0,0,0,0,0,20241223,20250113
IDFM:303917,1,0,0,1,0,0,0,20241226,20250106
IDFM:304313,0,1,1,0,1,0,0,20241224,20250103
IDFM:313081,1,0,0,0,0,0,0,20250106,20250113
IDFM:315199,1,0,1,0,0,0,0,20250106,20250115
IDFM:316424,1,0,0,1,0,0,0,20250106,20250116
IDFM:317883,0,1,1,0,1,1,0,20241219,20250104
IDFM:320641,1,1,0,1,1,1,1,20241219,20250105
IDFM:320657,1,1,1,1,1,0,0,20250106,20250117
IDFM:320687,0,0,0,0,0,1,1,20241221,20250105
IDFM:324014,1,1,0,1,0,0,0,20241223,20250116
IDFM:324078,0,0,0,0,1,0,0,20241227,20250117
IDFM:324156,1,1,0,1,1,0,0,20241223,20250117
IDFM:324187,1,1,1,1,1,1,1,20241223,20250117
IDFM:324563,0,1,1,0,1,1,0,20241224,20250117
IDFM:324704,0,0,0,0,0,0,1,20241229,20250112
IDFM:325146,0,0,0,1,1,1,1,20241219,20241222
IDFM:325910,1,1,1,1,1,1,1,20241224,20250117
IDFM:327307,0,0,0,1,0,0,0,20241226,20250116
IDFM:327643,0,0,0,1,1,0,0,20241219,20250117
IDFM:331458,0,0,0,0,0,0,1,20241222,20241231
IDFM:331459,1,0,0,1,1,0,0,20241219,20241230
IDFM:331859,0,0,0,0,0,1,1,20241221,20241231
IDFM:331868,1,0,0,0,1,0,0,20241220,20241230
IDFM:331917,0,0,0,1,0,0,0,20241219,20241226
IDFM:331918,0,1,0,0,0,0,0,20241224,20241224
IDFM:332040,1,0,1,1,1,0,0,20250106,20250117
IDFM:332068,1,1,1,0,1,0,0,20250106,20250117
IDFM:332075,0,0,0,1,0,0,0,20250109,20250116
IDFM:333667,1,0,0,1,1,1,0,20241219,20241230
IDFM:333959,0,0,0,1,1,0,0,20241219,20241227
IDFM:334376,0,1,1,1,1,0,0,20250107,20250117
IDFM:340045,1,0,0,1,0,0,0,20241219,20241230
IDFM:341748,0,1,1,1,1,1,0,20241219,20250117
IDFM:345563,1,0,0,0,0,0,0,20241223,20241223
IDFM:355824,0,0,0,0,0,1,0,20241221,20250115
IDFM:357953,0,0,0,0,0,1,0,20241221,20250117
IDFM:357982,1,1,1,1,1,0,1,20241219,20250105
IDFM:357983,1,1,1,1,1,0,0,20241219,20250103
IDFM:358313,1,1,1,1,1,0,0,20241223,20250103
IDFM:358368,1,1,1,1,1,1,0,20241219,20250117
IDFM:358728,0,0,1,0,0,0,0,20241225,20250115
IDFM:358732,0,0,1,0,0,0,0,20241223,20250115
IDFM:359654,1,0,0,1,1,0,0,20241219,20250117
IDFM:362333,1,1,1,1,0,0,1,20241219,20250116
IDFM:363226,0,0,0,0,1,0,1,20241220,20250117
IDFM:365870,1,1,0,1,1,1,0,20241219,20250117
IDFM:365937,1,1,1,1,1,0,1,20241223,20250105
IDFM:366448,1,1,0,1,1,1,0,20241223,20250117
IDFM:368761,0,1,0,0,1,1,0,20241219,20241231
IDFM:370231,0,1,0,0,0,0,0,20241224,20241231
IDFM:372243,0,1,0,0,0,0,0,20241224,20241231
IDFM:382818,0,1,1,0,1,1,0,20241224,20241228
IDFM:388068,1,1,0,0,1,0,0,20250106,20250117
IDFM:391011,1,0,0,0,1,1,1,20241219,20241230
IDFM:391014,0,0,0,1,1,1,1,20241219,20241229
IDFM:391035,0,1,1,1,1,0,0,20250107,20250117
IDFM:392919,0,0,0,0,0,1,1,20241221,20241229
IDFM:393345,1,1,0,1,1,0,0,20241219,20250117
IDFM:393348,0,0,0,0,0,0,1,20241222,20250112
IDFM:403814,0,0,0,1,1,0,0,20241219,20250103
IDFM:403924,1,1,0,1,1,0,0,20241219,20250117
IDFM:403925,1,1,0,1,0,0,0,20241219,20250116
IDFM:404857,0,0,1,0,0,1,1,20241221,20250105
IDFM:412977,1,1,0,1,1,1,0,20241219,20250117
IDFM:413442,1,1,1,1,1,1,1,20241223,20250105
IDFM:413449,1,1,1,1,1,1,1,20241219,20250117
IDFM:413450,0,0,0,0,1,1,0,20241220,20250117
IDFM:415963,1,1,0,1,1,0,0,20241219,20250103
IDFM:416012,1,1,1,1,1,1,1,20241219,20250105
IDFM:420116,1,1,0,0,1,0,0,20241220,20250117
IDFM:420133,0,0,0,1,0,0,1,20241219,20250116
IDFM:420185,1,1,0,0,1,1,0,20241220,20250117
IDFM:422822,0,1,1,1,1,1,1,20241219,20250117
IDFM:424305,0,0,1,0,0,1,0,20241221,20250115
IDFM:424848,0,0,0,0,1,0,0,20241219,20241227
IDFM:424858,0,0,0,0,1,0,0,20241219,20241227
IDFM:424940,0,1,1,0,0,0,0,20241224,20250101
IDFM:429635,0,0,0,1,0,0,1,20241219,20250116
IDFM:429637,0,0,1,1,0,0,1,20241219,20250116
IDFM:429650,1,0,0,1,1,0,0,20241219,20250117
IDFM:429662,0,0,1,1,0,1,1,20241219,20250116
IDFM:429677,0,0,1,1,0,1,0,20241219,20250116
IDFM:429747,0,1,0,0,1,1,1,20241220,20250117
IDFM:429773,0,1,0,0,1,0,1,20241220,20250117
IDFM:429810,0,1,1,1,1,1,0,20241219,20250117
IDFM:430042,1,1,0,1,0,1,0,20241219,20250116
IDFM:430047,1,1,1,1,0,1,0,20241219,20250116
IDFM:430054,1,0,0,1,0,1,0,20241219,20241230
IDFM:430072,1,0,0,0,1,1,0,20241220,20250117
IDFM:430085,0,0,0,1,0,1,0,20241219,20241228
IDFM:430089,1,0,0,0,0,0,1,20241222,20241230
IDFM:430090,1,0,0,0,0,1,1,20241221,20241230
IDFM:430091,1,0,0,0,0,1,0,20241221,20241230
IDFM:430092,1,0,0,1,1,0,1,20241219,20250117
IDFM:430499,0,0,0,1,1,0,0,20241219,20250117
IDFM:431282,1,1,1,1,1,0,0,20250113,20250117
IDFM:432804,0,0,1,0,0,0,0,20241225,20250101
IDFM:434048,0,1,0,1,1,0,0,20241219,20250117
IDFM:444060,1,0,0,0,0,0,0,20241223,20250113
IDFM:444143,1,1,0,1,1,0,0,20241219,20250110
IDFM:444487,0,1,0,1,1,0,0,20241219,20250117
IDFM:450202,0,0,0,0,0,1,0,20241221,20250117
IDFM:TN:16162257,0,1,1,1,1,1,0,20250107,20250118
IDFM:TN:16162260,1,1,1,1,1,0,0,20250106,20250117
IDFM:TN:16162284,0,0,0,0,1,0,0,20241220,20241220
IDFM:TN:16162289,1,1,0,1,1,0,0,20241223,20250117
IDFM:TN:16162293,1,1,1,1,1,0,0,20241226,20250117
IDFM:TN:16162295,0,0,0,0,0,1,0,20241221,20241221
IDFM:TN:16162304,0,0,0,0,0,1,1,20241222,20250118
IDFM:TN:16162307,0,0,0,0,0,1,1,20241222,20250112
IDFM:TN:16162309,0,0,0,0,0,1,1,20241225,20250118
IDFM:TN:16162310,0,0,0,0,0,1,0,20241228,20250118
IDFM:TN:16162312,0,0,0,0,0,1,0,20241228,20250118
IDFM:TN:16162313,0,0,0,0,0,1,1,20250101,20250118
IDFM:TN:16162344,0,0,0,0,0,1,0,20250118,20250118
IDFM:TN:16162409,0,0,0,0,0,0,1,20241222,20250112
IDFM:TN:16162410,0,1,0,0,0,0,0,20241224,20241224
IDFM:TN:16162411,0,1,0,1,0,0,0,20241224,20241226
IDFM:TN:16162423,0,1,0,0,0,0,0,20241231,20241231
IDFM:TN:16162426,0,0,1,0,0,0,0,20250101,20250101
IDFM:TN:16162458,1,0,0,1,1,0,0,20241223,20250117
IDFM:TN:16162464,1,1,0,1,1,0,0,20241223,20250117
IDFM:TN:16162470,0,1,0,0,0,0,0,20250107,20250114
IDFM:TN:16162496,1,0,0,0,1,0,0,20241223,20250103
IDFM:TN:16162503,1,0,0,1,1,0,0,20241223,20250117
IDFM:TN:16162504,1,0,0,0,0,0,0,20241230,20241230
IDFM:TN:16162516,1,1,0,1,1,0,0,20241223,20250117
IDFM:TN:16162522,0,0,0,0,0,1,1,20241222,20250118
IDFM:TN:16162639,0,0,0,0,0,0,1,20241222,20250112
IDFM:TN:16162661,0,0,0,0,0,0,1,20250101,20250112
IDFM:TN:16162668,0,0,0,0,0,1,0,20250104,20250118
IDFM:TN:16162749,1,1,0,1,1,0,0,20241223,20250103
IDFM:TN:16162763,1,0,0,0,0,0,1,20241222,20250113
IDFM:TN:16163078,0,0,1,0,0,1,1,20241222,20250105
IDFM:TN:16163079,0,0,1,0,0,0,1,20241222,20250105
IDFM:TN:16163100,0,0,0,0,0,1,0,20241228,20250104
IDFM:TN:16163106,0,0,0,0,0,1,0,20241228,20250105
IDFM:TN:16163111,0,0,0,0,0,1,0,20250104,20250104
IDFM:TN:16163186,0,0,0,0,0,0,1,20241222,20241222
IDFM:TN:16163274,1,1,1,1,1,1,1,20241222,20250118
IDFM:TN:16163278,0,0,1,0,0,1,1,20241222,20250118
IDFM:TN:16163293,1,1,1,1,1,1,1,20241222,20250118
IDFM:TN:16163303,0,0,0,0,0,1,1,20241222,20250118
IDFM:TN:16163306,1,1,1,1,1,1,0,20241223,20250118
IDFM:TN:16163309,1,1,1,1,1,1,0,20241223,20250118
IDFM:TN:16163310,1,1,1,1,1,1,0,20241223,20250118
IDFM:TN:16163325,1,1,0,1,1,1,0,20241223,20250118
IDFM:TN:16163330,0,0,0,0,0,1,1,20241231,20250118
IDFM:TN:16163332,1,1,1,1,1,1,1,20250101,20250118
IDFM:TN:16163361,1,1,1,1,1,0,0,20241223,20250117
IDFM:TN:16163362,1,1,0,1,1,0,0,20241230,20250103
IDFM:TN:16163501,0,0,0,0,0,0,1,20241222,20250112
IDFM:TN:16163558,0,0,1,0,0,0,1,20241222,20250105
IDFM:TN:16163590,0,0,1,0,0,1,1,20250101,20250105
IDFM:TN:16163842,1,0,0,0,0,0,1,20241222,20250113
IDFM:TN:16164051,1,1,0,1,1,1,0,20241223,20250118
IDFM:TN:16164053,1,1,0,1,1,1,0,20241223,20250118
IDFM:TN:16164064,0,0,0,0,0,1,1,20241225,20250118
IDFM:TN:16164092,1,1,1,1,1,1,0,20250104,20250118
IDFM:TN:16164118,1,0,0,1,1,0,0,20241223,20250117
IDFM:TN:16164119,1,1,1,1,1,0,0,20250113,20250117
IDFM:TN:16164150,1,1,0,1,0,0,0,20241223,20250102
IDFM:TN:16164170,1,1,1,1,1,0,0,20250103,20250117
IDFM:TN:16164282,1,1,1,1,1,0,0,20241223,20250117
IDFM:TN:16164285,1,1,1,1,1,0,0,20241230,20250117
IDFM:TN:16164314,1,1,1,1,1,0,1,20241222,20250117
IDFM:TN:16164318,0,0,1,0,0,0,1,20241222,20250117
IDFM:TN:16164324,1,0,0,1,1,0,0,20241223,20250103
IDFM:TN:16164330,0,0,0,0,0,1,0,20241228,20250104
IDFM:TN:16164332,0,0,0,0,0,0,1,20250112,20250112
IDFM:TN:16164446,0,0,0,0,0,0,1,20241222,20250114
IDFM:TN:16164484,1,0,0,1,1,0,0,20241223,20250117
IDFM:TN:16164505,0,1,0,0,0,0,0,20241224,20250114
IDFM:TN:16164507,1,0,1,1,1,0,0,20250106,20250117
IDFM:TN:16164527,1,1,1,1,1,0,0,20250106,20250110
IDFM:TN:16164558,0,0,1,0,0,1,1,20241222,20250105
IDFM:TN:16164564,0,0,1,0,0,1,1,20241225,20250105
IDFM:TN:16164565,0,0,1,0,0,1,0,20241225,20250104
IDFM:TN:16164573,1,1,0,1,1,1,0,20241223,20250118
IDFM:TN:16164581,0,0,0,0,0,0,1,20250105,20250105
IDFM:TN:16164582,0,0,0,0,0,1,0,20250111,20250118
IDFM:TN:16164583,0,0,0,0,0,1,0,20250111,20250118
IDFM:TN:16164779,0,0,0,0,0,0,1,20241222,20250112
IDFM:TN:16164999,0,0,0,0,0,1,1,20241222,20250118
IDFM:TN:16165001,1,1,0,0,0,0,0,20241223,20250115
IDFM:TN:16165004,0,1,0,0,0,0,0,20241224,20241231
IDFM:TN:16165006,0,0,0,1,1,0,0,20241226,20250117
IDFM:TN:16165110,1,0,0,0,0,0,0,20241223,20241223
IDFM:TN:16165119,1,1,0,1,1,0,0,20241224,20250117
IDFM:TN:16165178,1,1,0,1,1,0,0,20241223,20250118
IDFM:TN:16165179,0,1,0,0,0,0,0,20241224,20250118
IDFM:TN:16165180,1,1,1,1,1,1,0,20250106,20250118
IDFM:TN:16165181,1,1,1,1,1,1,0,20250106,20250118
IDFM:TN:16165256,0,1,0,0,0,1,1,20241222,20250118
IDFM:TN:16165259,1,1,1,1,1,1,1,20241222,20250118
IDFM:TN:16165260,1,1,1,1,1,0,1,20241222,20250117
IDFM:TN:16165271,1,1,0,1,1,1,0,20241223,20250118
IDFM:TN:16165278,1,1,0,1,1,0,0,20241223,20250118
IDFM:TN:16165280,0,0,1,0,0,0,1,20241225,20250112
IDFM:TN:16165281,0,0,0,0,0,1,0,20241231,20250118
IDFM:TN:16165319,1,1,1,1,1,1,1,20241222,20250118
IDFM:TN:16165325,0,0,1,0,0,1,1,20241222,20250118
IDFM:TN:16165539,0,0,1,0,0,1,1,20241222,20250118
IDFM:TN:16165542,1,1,0,1,1,0,0,20241223,20250117
IDFM:TN:16165543,1,1,0,1,1,1,0,20241223,20250118
IDFM:TN:16165598,1,1,0,1,1,0,0,20241223,20250117
IDFM:TN:16165604,1,0,0,0,0,0,1,20241222,20250113
IDFM:TN:16165618,0,1,0,0,1,0,0,20241224,20241227
IDFM:TN:16165716,0,0,0,0,0,1,1,20241222,20250105
IDFM:TN:16165722,1,1,0,1,1,0,1,20241222,20250117
IDFM:TN:16165723,1,1,0,1,1,0,1,20241222,20250117
IDFM:TN:16165725,1,1,1,1,1,0,1,20241222,20250117
IDFM:TN:16165727,1,1,1,1,1,0,1,20241222,20250117
IDFM:TN:16165781,0,0,1,0,0,0,0,20241225,20250101
IDFM:TN:16165805,1,0,0,0,0,0,1,20241222,20250105
IDFM:TN:16165806,0,0,0,1,0,0,1,20241222,20250105
IDFM:TN:16165816,0,0,1,0,0,0,1,20241225,20250105
IDFM:TN:16165819,0,0,0,1,0,0,0,20241226,20250102
IDFM:TN:16165846,0,0,0,0,0,0,1,20241222,20250117
IDFM:TN:16165852,0,0,1,0,0,0,0,20241225,20241225
IDFM:TN:16165868,1,0,0,0,0,0,0,20250106,20250106
IDFM:TN:16165945,0,0,1,0,0,1,1,20241222,20250118
IDFM:TN:16165948,0,0,0,0,0,1,1,20250111,20250112
IDFM:TN:16166043,0,0,1,0,0,1,1,20241222,20250118
IDFM:TN:16166057,0,0,1,0,0,1,1,20241222,20250118
IDFM:TN:16166058,0,0,0,0,0,1,0,20250111,20250111
IDFM:TN:16166059,1,1,1,0,0,0,0,20241223,20250101
IDFM:TN:16166061,1,0,0,0,0,0,0,20241223,20241230
IDFM:TN:16166063,0,0,1,0,0,0,0,20241225,20250101
IDFM:TN:16166064,0,0,1,0,0,0,0,20241225,20250101
IDFM:TN:16166205,1,1,0,1,1,1,1,20241222,20250118
IDFM:TN:16166209,1,1,0,1,1,0,1,20241222,20250117
IDFM:TN:16166219,0,0,0,1,1,1,1,20241222,20250118
IDFM:TN:16166220,1,1,1,1,1,1,1,20241222,20250117
IDFM:TN:16166242,1,1,1,1,1,1,1,20241222,20250118
IDFM:TN:16166275,0,0,0,0,0,1,1,20241228,20241229
IDFM:TN:16166278,0,0,0,0,0,0,1,20241229,20241229
IDFM:TN:16166280,0,0,0,0,0,0,1,20250105,20250112
IDFM:TN:16166311,1,1,1,1,1,0,0,20250102,20250117
IDFM:TN:16166331,1,0,0,0,0,0,0,20241223,20241230
IDFM:TN:16166342,1,1,1,1,1,0,0,20241231,20250117
IDFM:TN:16166438,1,1,1,1,1,1,1,20241222,20250118
IDFM:TN:16166440,0,0,0,0,1,0,0,20250110,20250110
IDFM:TN:16166591,0,0,0,0,0,0,1,20241222,20250112
IDFM:TN:16166595,1,1,1,1,1,0,1,20241222,20250117
IDFM:TN:16166596,1,1,1,1,1,1,1,20241222,20250117
IDFM:TN:16166600,1,1,1,1,1,0,1,20241222,20250117
IDFM:TN:16166604,0,0,1,1,1,1,1,20241222,20250118
IDFM:TN:16166610,0,0,1,1,1,1,1,20241222,20250117
IDFM:TN:16166633,0,0,1,1,1,1,1,20241222,20250118
IDFM:TN:16166639,0,0,0,0,0,1,1,20241222,20250118
IDFM:TN:16166643,1,1,1,1,1,1,1,20241222,20250118
IDFM:TN:16166670,1,1,1,1,1,1,0,20241223,20250118
IDFM:TN:16166671,1,0,1,0,0,0,0,20241223,20250101
IDFM:TN:16166675,1,1,0,1,1,0,0,20241223,20241227
IDFM:TN:16166676,0,1,0,1,0,0,0,20241224,20250102
IDFM:TN:16166678,0,1,1,0,0,1,0,20241224,20241228
IDFM:TN:16166679,0,0,1,0,0,0,0,20241224,20250101
IDFM:TN:16166680,0,0,1,1,1,1,0,20241225,20250117
IDFM:TN:16166681,0,0,1,0,0,0,0,20241225,20250101
IDFM:TN:16166682,0,0,0,1,0,0,0,20241226,20250102
IDFM:TN:16166683,0,0,0,0,0,1,0,20241228,20241228
IDFM:TN:16166915,0,0,0,0,0,1,1,20241222,20250112
IDFM:TN:16166932,0,1,0,0,0,0,0,20241224,20241231
IDFM:TN:16166933,0,1,0,0,0,0,0,20241224,20241231
IDFM:TN:16166940,0,0,0,1,0,0,0,20241226,20250102
IDFM:TN:16166942,0,0,0,1,0,0,0,20241226,20250102
IDFM:TN:16166944,1,0,0,1,0,0,0,20241230,20250102
IDFM:TN:16167010,1,1,0,1,1,0,0,20241223,20250117
IDFM:TN:16167014,1,1,1,1,1,1,0,20241223,20250118
IDFM:TN:16167016,0,1,0,1,1,0,0,20241224,20250117
IDFM:TN:16167032,1,1,0,0,1,0,0,20241223,20241227
IDFM:TN:16167035,0,1,1,0,1,1,0,20241224,20241228
IDFM:TN:16167036,0,0,1,0,0,0,1,20241225,20250112
IDFM:TN:16167037,0,0,1,0,0,0,0,20241225,20250101
IDFM:TN:16167038,0,0,0,1,0,0,0,20241226,20250102
IDFM:TN:16167137,1,1,1,1,1,1,1,20241223,20250118
IDFM:TN:16167369,1,1,1,1,1,0,1,20241222,20250117
IDFM:TN:16167370,1,1,0,1,1,0,0,20241226,20250117
IDFM:TN:16167371,0,0,0,0,0,1,0,20241228,20250111
IDFM:TN:16167373,1,1,1,1,1,0,1,20241226,20250118
IDFM:TN:16167379,1,0,1,0,0,0,0,20241223,20250101
IDFM:TN:16167420,1,1,0,0,0,0,1,20241222,20241231
IDFM:TN:16167422,1,1,1,1,1,0,0,20241222,20250117
IDFM:TN:16167423,1,0,0,0,0,0,1,20241222,20241230
IDFM:TN:16167432,0,0,0,0,0,1,1,20241222,20250118
IDFM:TN:16167433,1,1,0,1,1,0,0,20241223,20250117
IDFM:TN:16167439,1,1,0,0,0,0,0,20241223,20241231
IDFM:TN:16167440,0,0,0,0,0,1,1,20241228,20250105
IDFM:TN:16167442,1,1,1,1,1,1,1,20250101,20250118
IDFM:TN:16167446,1,1,1,1,1,1,0,20250102,20250118
IDFM:TN:16167694,0,1,0,1,0,0,0,20241224,20250102
IDFM:TN:16167740,1,0,1,1,1,1,1,20241222,20250118
IDFM:TN:16167761,0,1,0,0,0,0,0,20241231,20250114
IDFM:TN:16167801,1,1,1,1,1,1,1,20241222,20250118
IDFM:TN:16167817,1,1,1,0,0,1,1,20241223,20250105
IDFM:TN:16167878,1,1,0,0,0,0,0,20241223,20241231
IDFM:TN:16167931,0,0,0,0,0,1,1,20241222,20250118
IDFM:TN:16167937,0,1,0,1,1,0,0,20241223,20250117
IDFM:TN:16167944,1,0,0,0,0,0,0,20250106,20250113
IDFM:TN:16168100,0,1,1,1,1,1,1,20241222,20250118
IDFM:TN:16168102,0,0,0,0,0,1,1,20241222,20250118
IDFM:TN:16168142,1,0,0,0,0,0,1,20241229,20250106
IDFM:TN:16168325,1,1,1,1,1,1,1,20241222,20250118
IDFM:TN:16168378,1,1,1,1,1,1,1,20241222,20250105
IDFM:TN:16168381,1,0,1,1,1,0,1,20241222,20250117
IDFM:TN:16168382,1,1,1,1,1,0,1,20241222,20250117
IDFM:TN:16168392,1,1,1,1,1,0,1,20241222,20250117
IDFM:TN:16168396,1,0,0,1,0,0,0,20241223,20241226
IDFM:TN:16168397,1,1,1,1,1,1,1,20241223,20250105
IDFM:TN:16168403,0,1,0,0,0,0,0,20241224,20250107
IDFM:TN:16168404,0,0,1,0,0,1,1,20241225,20250105
IDFM:TN:16168437,0,1,0,0,0,1,1,20241222,20250105
IDFM:TN:16168438,1,0,1,0,0,0,1,20241223,20250106
IDFM:TN:16168442,1,0,0,0,0,0,0,20250113,20250113
IDFM:TN:16168480,0,0,1,0,0,0,1,20241222,20250110
IDFM:TN:16168482,1,1,1,1,1,0,1,20241222,20250110
IDFM:TN:16168494,0,0,1,0,0,0,1,20241222,20250105
IDFM:TN:16168495,1,1,1,1,0,0,1,20241222,20250109
IDFM:TN:16168497,1,1,1,1,1,1,0,20241223,20250110
IDFM:TN:16168498,1,1,0,1,1,0,0,20241223,20250110
IDFM:TN:16168499,0,0,1,0,0,0,0,20241225,20250117
IDFM:TN:16168501,1,1,0,1,1,1,0,20241230,20250104
IDFM:TN:16168582,1,0,0,1,0,0,1,20241222,20250110
IDFM:TN:16168591,1,0,1,1,1,0,1,20241222,20250110
IDFM:TN:16168595,0,0,0,0,0,0,1,20241222,20241229
IDFM:TN:16168601,0,1,1,0,1,0,0,20241224,20250117
IDFM:TN:16168755,0,0,1,0,1,0,1,20241222,20250117
IDFM:TN:16168767,1,1,1,1,1,0,0,20241223,20250117
IDFM:TN:16168769,1,0,0,0,0,0,0,20241223,20250107
IDFM:TN:16168770,1,1,1,1,1,1,1,20241223,20250113
IDFM:TN:16168775,0,0,0,1,0,0,0,20241224,20250109
IDFM:TN:16168778,0,1,1,1,1,0,0,20250106,20250117
IDFM:TN:16168816,0,0,0,0,0,0,1,20241222,20241229
IDFM:TN:16168817,0,0,0,0,0,0,1,20241222,20250105
IDFM:TN:16168818,0,0,1,0,0,1,1,20241225,20241229
IDFM:TN:16168822,1,0,1,1,1,0,0,20241230,20250103
IDFM:TN:16168823,0,1,0,1,1,1,0,20241231,20250104
IDFM:TN:16168824,1,1,1,1,0,0,0,20250106,20250109
IDFM:TN:16168825,0,1,1,1,1,0,0,20250107,20250110
IDFM:TN:16168925,0,0,0,0,0,1,1,20241222,20250118
IDFM:TN:16169110,1,0,0,0,0,0,1,20241222,20250113
IDFM:TN:16169379,0,0,0,0,0,1,1,20241222,20250111
IDFM:TN:16170079,0,0,0,0,0,1,1,20250105,20250118
IDFM:TN:16170319,0,0,0,0,0,0,1,20241222,20250112
IDFM:TN:16170322,1,1,1,1,1,1,0,20241223,20250118
IDFM:TN:16170406,1,1,1,1,1,1,1,20241222,20250118
IDFM:TN:16171062,0,0,0,0,0,1,1,20241222,20250118
IDFM:TN:16171069,1,1,0,1,1,1,0,20241223,20250118
IDFM:TN:16171082,0,0,0,0,0,1,0,20241228,20250118
IDFM:TN:16171127,1,1,1,1,1,1,1,20241222,20250118
IDFM:TN:16171200,0,0,0,0,0,1,1,20241222,20250118
IDFM:TN:16171210,0,0,0,0,0,1,1,20241222,20250118
IDFM:TN:16171213,1,1,0,1,1,0,0,20241223,20250117
IDFM:TN:16171233,0,0,1,0,0,0,0,20241225,20250101
IDFM:TN:16171406,0,0,0,0,1,0,0,20241223,20250117
IDFM:TN:16171434,0,0,0,1,0,0,0,20250102,20250109
IDFM:TN:16171468,0,0,0,0,0,1,0,20241226,20250118
IDFM:TN:16171526,0,0,0,0,0,1,1,20241222,20250112
IDFM:TN:16171631,0,0,0,0,0,1,0,20250104,20250111
IDFM:TN:16172116,1,0,0,0,0,0,1,20241222,20250113
IDFM:TN:16172310,0,0,0,0,0,1,1,20241222,20250112
IDFM:TN:16172569,0,0,0,0,0,0,1,20241222,20250118
IDFM:TN:16172575,0,0,1,0,0,0,1,20241222,20250118
IDFM:TN:16172576,1,1,1,1,1,1,1,20241222,20250118
IDFM:TN:16172578,1,1,1,1,1,0,1,20241222,20250118
IDFM:TN:16172581,1,1,1,1,1,0,1,20241222,20250118
IDFM:TN:16172587,1,1,1,1,1,1,1,20241222,20250118
IDFM:TN:16172611,1,1,1,1,1,1,1,20241222,20250118
IDFM:TN:16172645,1,1,0,1,1,0,0,20241223,20250118
IDFM:TN:16172646,1,1,0,1,1,1,0,20241223,20250118
IDFM:TN:16172651,1,1,0,1,1,1,0,20241223,20250118
IDFM:TN:16172714,0,0,0,0,0,1,0,20241228,20250118
IDFM:TN:16172803,1,1,0,0,0,0,0,20241223,20250117
IDFM:TN:16172868,0,0,0,1,1,0,0,20250102,20250110
IDFM:TN:16173100,1,1,1,1,1,1,1,20241222,20250118
IDFM:TN:16173110,0,0,0,0,0,1,1,20241222,20250118
IDFM:TN:16173117,0,0,1,0,0,1,1,20241222,20250118
IDFM:TN:16173118,0,0,1,0,0,0,1,20241222,20250118
IDFM:TN:16173121,0,0,1,0,0,1,1,20241222,20250118
IDFM:TN:16173175,1,1,0,1,1,1,0,20241223,20250118
IDFM:TN:16173178,1,1,0,0,0,1,0,20241223,20250118
IDFM:TN:16173180,0,0,0,0,0,1,0,20241223,20250118
IDFM:TN:16173181,0,0,0,0,0,1,0,20241223,20250118
IDFM:TN:16173205,1,1,0,1,1,0,0,20241226,20250117
IDFM:TN:16173315,0,1,1,0,1,1,0,20241224,20250118
IDFM:TN:16173334,0,1,1,0,1,1,0,20241224,20250118
IDFM:TN:16173566,0,1,1,0,1,1,0,20241224,20250104
IDFM:TN:16173583,0,1,1,1,1,1,0,20250107,20250111
IDFM:TN:16173584,0,1,1,1,1,1,0,20250114,20250118
IDFM:TN:16174060,1,1,0,1,1,1,0,20241223,20250118
IDFM:TN:16174110,0,0,0,0,0,1,0,20241226,20250118
IDFM:TN:16175746,1,0,0,0,0,0,1,20241222,20250113
IDFM:TN:16175747,1,1,1,1,1,0,1,20241222,20250117
IDFM:TN:16175774,0,0,0,0,0,0,1,20241222,20250112
IDFM:TN:16175775,1,1,0,1,1,0,0,20241223,20250117
IDFM:TN:16175777,1,1,0,1,1,0,0,20241223,20250118
IDFM:TN:16175781,1,1,0,1,1,0,0,20241223,20250117
IDFM:TN:16175782,1,1,0,1,1,0,0,20241223,20250118
IDFM:TN:16176095,0,1,1,0,1,0,0,20241224,20250118
IDFM:TN:16176096,0,1,1,0,1,0,0,20241224,20250118
IDFM:TN:16176101,0,0,1,0,0,0,0,20241225,20250101
IDFM:TN:16176302,1,0,0,0,0,0,0,20241223,20250113
IDFM:TN:16176320,0,0,0,1,0,0,0,20241226,20250102
IDFM:TN:16176734,0,1,1,1,1,0,0,20250114,20250117
IDFM:TN:16176817,0,0,0,0,0,0,1,20241222,20250112
IDFM:TN:16176823,0,1,0,0,1,0,0,20241224,20250110
IDFM:TN:16176824,0,0,0,0,0,1,0,20241225,20250111
IDFM:TN:16176845,1,1,0,1,1,0,0,20241223,20250110
IDFM:TN:16177379,0,1,0,0,1,0,0,20241224,20250117
IDFM:TN:16177380,0,0,0,0,0,1,0,20241225,20250118
IDFM:TN:16177766,1,1,0,1,1,0,0,20241223,20250117
IDFM:TN:16177799,0,0,0,1,1,0,0,20241226,20241227
IDFM:TN:16177871,1,1,0,1,1,0,0,20241223,20250117
IDFM:TN:16177934,0,0,0,0,1,0,0,20250103,20250103
IDFM:TN:16177940,1,1,1,1,0,0,0,20250106,20250116
IDFM:TN:16177944,0,0,0,0,1,0,0,20250110,20250117
IDFM:TN:16177945,1,1,1,1,0,0,0,20250113,20250116
IDFM:TN:16177949,0,0,0,0,1,0,0,20250117,20250117
IDFM:TN:16178210,1,0,0,1,0,0,0,20241223,20250116
IDFM:TN:16178220,0,0,0,0,1,0,0,20241224,20250117
IDFM:TN:16178562,1,0,0,1,0,0,0,20241223,20250109
IDFM:TN:16178567,0,0,0,0,1,0,0,20241224,20250110
IDFM:TN:16178734,0,1,1,0,1,1,0,20241224,20250111
IDFM:TN:16179013,0,0,0,0,0,1,1,20241222,20250118
IDFM:TN:16179038,0,0,0,0,0,0,1,20241222,20250105
IDFM:TN:16179042,1,1,1,0,0,0,0,20250106,20250115
IDFM:TN:16179704,1,1,1,0,0,0,0,20250106,20250115
IDFM:TN:16180134,0,0,0,1,1,0,0,20250116,20250117
IDFM:TN:16180182,0,0,0,1,0,0,0,20250116,20250116
IDFM:TN:16181090,1,1,0,0,0,0,0,20250106,20250114
IDFM:TN:16181500,0,0,1,1,1,0,0,20250115,20250117
IDFM:TN:16182662,0,1,0,0,1,1,0,20241224,20250104
IDFM:TN:16183110,1,0,0,0,0,0,0,20241223,20250113
IDFM:TN:16183117,0,1,1,1,1,0,0,20250107,20250117
IDFM:TN:16183140,1,0,0,0,0,0,1,20241222,20250113
IDFM:TN:16183178,1,1,0,1,0,0,0,20241223,20250116
IDFM:TN:16183179,0,0,0,0,1,1,0,20241227,20250118
IDFM:TN:16183266,1,1,0,1,1,0,0,20241230,20250117
IDFM:TN:16183273,0,1,0,0,1,0,0,20241224,20250117
IDFM:TN:16183282,0,1,0,0,1,1,0,20241224,20250110
IDFM:TN:16183283,1,0,0,1,1,0,0,20241230,20250103
IDFM:TN:16183291,1,1,0,0,0,0,0,20241223,20250108
IDFM:TN:16183294,1,1,0,1,1,0,0,20241230,20250117
IDFM:TN:16183309,1,1,0,1,1,0,0,20241223,20250117
IDFM:TN:16183314,0,1,1,0,0,0,0,20250107,20250108
IDFM:TN:16183328,0,1,0,0,1,0,0,20241224,20250117
IDFM:TN:16183330,0,0,0,0,0,0,1,20241229,20250105
IDFM:TN:16183338,0,0,1,0,0,0,1,20241222,20250110
IDFM:TN:16183341,1,1,0,1,1,1,0,20241223,20250104
IDFM:TN:16183369,0,0,0,0,0,0,1,20241222,20250105
IDFM:TN:16183371,1,1,1,1,1,0,0,20241223,20250117
IDFM:TN:16183372,1,1,1,1,0,0,0,20250106,20250116
IDFM:TN:16183406,1,1,1,1,1,0,0,20241223,20250117
IDFM:TN:16183431,1,1,1,1,1,0,0,20241230,20250117
IDFM:TN:16183432,0,1,0,1,1,0,0,20241231,20250103
IDFM:TN:16183449,0,0,0,0,0,0,1,20241222,20250117
IDFM:TN:16183450,1,1,1,1,1,0,0,20241230,20250110
IDFM:TN:16183465,0,0,1,0,0,1,0,20241222,20250104
IDFM:TN:16183473,1,0,0,1,0,0,0,20241223,20250106
IDFM:TN:16183474,1,0,0,1,0,0,0,20241223,20250106
IDFM:TN:16183476,1,0,0,1,0,0,0,20241223,20250109
IDFM:TN:16183477,1,0,0,0,0,0,0,20241230,20250113
IDFM:TN:16183478,0,1,0,1,0,0,0,20250107,20250109
IDFM:TN:16183528,0,0,0,0,0,1,0,20241228,20250118
IDFM:TN:16183603,1,0,0,0,0,0,0,20241223,20250113
IDFM:TN:16183605,1,0,0,0,0,0,0,20241223,20241230
IDFM:TN:16183606,0,1,0,0,0,0,0,20241224,20241231
IDFM:TN:16183607,0,1,1,1,1,0,0,20250102,20250117
IDFM:TN:16183624,0,0,0,0,1,0,0,20241227,20250103
IDFM:TN:16183658,0,0,0,0,1,0,0,20241227,20250117
IDFM:TN:16183668,0,0,0,0,0,0,1,20241222,20250112
IDFM:TN:16183670,1,1,0,1,0,0,0,20241223,20250116
IDFM:TN:16183674,1,1,1,0,0,0,0,20250113,20250115
IDFM:TN:16183689,0,0,0,0,0,0,1,20241222,20241229
IDFM:TN:16183697,1,0,0,0,0,0,0,20241223,20241230
IDFM:TN:16183699,0,1,0,0,0,0,0,20241224,20241231
IDFM:TN:16183708,1,1,0,1,0,0,0,20241223,20250117
IDFM:TN:16183710,1,1,0,1,0,0,0,20241223,20250102
IDFM:TN:16183768,1,1,0,1,1,0,0,20241223,20250117
IDFM:TN:16183818,0,0,0,0,0,1,1,20241222,20250118
IDFM:TN:16183877,0,0,0,0,1,1,0,20241222,20250118
IDFM:TN:16183878,0,1,1,1,1,1,0,20241222,20250118
IDFM:TN:16183879,0,0,0,0,0,1,1,20241222,20250118
IDFM:TN:16183880,0,0,0,1,1,0,0,20241222,20250118
IDFM:TN:16183926,0,1,0,1,1,0,0,20241222,20250118
IDFM:TN:16184153,1,0,0,0,0,0,1,20241222,20250113
IDFM:TN:16184159,0,0,0,0,0,1,1,20241222,20250118
IDFM:TN:16184274,1,1,1,1,1,0,0,20241223,20250117
IDFM:TN:16184372,0,1,1,1,1,1,0,20241224,20250118
IDFM:TN:16186171,0,1,1,0,1,1,0,20241224,20250118
IDFM:TN:16186362,0,0,0,1,1,1,0,20250102,20250111
IDFM:TN:16186367,1,1,1,1,1,0,0,20250101,20250117
IDFM:TN:16187774,0,0,1,0,0,0,1,20241222,20250117
IDFM:TN:16187790,0,0,0,0,0,0,1,20241222,20250112
IDFM:TN:16187791,1,1,1,1,1,1,0,20241223,20250118
IDFM:TN:16187819,1,0,0,1,1,0,1,20241222,20250103
IDFM:TN:16187820,1,1,0,0,1,1,0,20241223,20250104
IDFM:TN:16187821,1,1,1,1,1,0,1,20250101,20250117
IDFM:TN:16187822,1,1,1,1,1,1,0,20250102,20250118
IDFM:TN:16187846,0,1,0,0,0,0,0,20241224,20241231
IDFM:TN:16188072,0,1,1,1,1,1,0,20250103,20250118
IDFM:TN:16188269,1,0,0,0,1,1,1,20241222,20250118
IDFM:TN:16188303,1,1,1,1,1,0,0,20250102,20250118
IDFM:TN:16188319,1,1,1,1,1,1,1,20241222,20250118
IDFM:TN:16188340,0,0,0,0,1,1,0,20250106,20250118
IDFM:TN:16188387,1,1,0,1,1,1,1,20241222,20250118
IDFM:TN:16188398,1,1,1,1,1,0,0,20241223,20250103
IDFM:TN:16188408,1,0,1,1,1,1,1,20241222,20250105
IDFM:TN:16188413,1,0,0,1,1,0,0,20241223,20250103
IDFM:TN:16188438,0,0,0,0,0,1,1,20241222,20250118
IDFM:TN:16188447,0,0,0,0,1,1,0,20241227,20250118
IDFM:TN:16188467,1,1,1,1,1,0,1,20241222,20250117
IDFM:TN:16188479,1,0,0,1,1,0,0,20241223,20250110
IDFM:TN:16188487,0,0,0,0,0,1,0,20241228,20250118
IDFM:TN:16188490,1,1,1,1,1,1,1,20241222,20250118
IDFM:TN:16188505,1,1,0,1,1,0,0,20241223,20250113
IDFM:TN:16188861,1,1,1,1,1,0,1,20241222,20250117
IDFM:TN:16188890,0,0,0,0,0,0,1,20241222,20250112
IDFM:TN:16188903,1,0,0,0,0,0,0,20241223,20250113
IDFM:TN:16188919,1,1,0,1,1,1,0,20241223,20241228
IDFM:TN:16189010,0,0,0,0,0,1,0,20241223,20250118
IDFM:TN:16189081,1,1,0,1,1,0,0,20241228,20250117
IDFM:TN:16189212,0,1,1,1,1,1,0,20241231,20250118
IDFM:TN:16189594,1,0,0,0,0,0,1,20241222,20250113
IDFM:TN:16190169,1,0,0,0,0,0,1,20241222,20250113
IDFM:TN:16190170,0,0,0,0,0,1,1,20241222,20250118
IDFM:TN:16190171,0,0,0,0,0,0,1,20241222,20250112
IDFM:TN:16190174,1,1,1,1,1,0,1,20241222,20250117
IDFM:TN:16190175,1,1,1,1,1,1,1,20241222,20250118
IDFM:TN:16190177,1,1,1,1,1,1,1,20241222,20250118
IDFM:TN:16190209,0,0,0,0,0,1,1,20241222,20250118
IDFM:TN:16190211,0,0,0,0,0,1,1,20241222,20250118
IDFM:TN:16190218,1,1,1,1,1,0,1,20241223,20241229
IDFM:TN:16190251,0,0,0,0,0,1,0,20241223,20250118
IDFM:TN:16190258,0,0,1,0,0,0,1,20241225,20241229
IDFM:TN:16190259,0,0,0,0,0,1,0,20241225,20250118
IDFM:TN:16190295,1,1,1,1,1,1,0,20241230,20250118
IDFM:TN:16190429,1,1,1,1,1,0,1,20241222,20250117
IDFM:TN:16190563,1,1,0,1,1,0,0,20241223,20250106
IDFM:TN:16190582,1,1,0,1,0,0,0,20241223,20250109
IDFM:TN:16190583,0,0,0,0,1,1,0,20241227,20250104
IDFM:TN:16190607,0,0,0,0,1,0,0,20241227,20250110
IDFM:TN:16190619,1,1,0,1,1,0,0,20241223,20250110
IDFM:TN:16190627,0,1,0,1,1,0,0,20241224,20250117
IDFM:TN:16190629,1,0,0,1,0,0,0,20241223,20250116
IDFM:TN:16190630,0,0,0,0,1,0,0,20241224,20250117
IDFM:TN:16190704,1,1,1,1,1,0,0,20250106,20250117
IDFM:TN:16190754,1,1,0,1,1,1,0,20241223,20250118
IDFM:TN:16190755,1,0,0,1,1,0,0,20241223,20250117
IDFM:TN:16190758,1,1,1,1,1,0,0,20250106,20250117
IDFM:TN:16190773,0,0,0,0,0,1,1,20241222,20250118
IDFM:TN:16190799,1,1,1,1,1,0,1,20241222,20250105
IDFM:TN:16190812,1,1,1,1,1,0,0,20250106,20250117
IDFM:TN:16190856,1,0,0,1,1,0,0,20241223,20250103
IDFM:TN:16190857,1,1,0,0,0,0,0,20241223,20241231
IDFM:TN:16190859,0,0,0,1,1,0,0,20241226,20250103
IDFM:TN:16190899,0,0,1,1,1,1,1,20241222,20250118
IDFM:TN:16191028,0,0,0,0,0,0,1,20241222,20250112
IDFM:TN:16191097,1,0,0,1,0,0,0,20241223,20250109
IDFM:TN:16191170,0,1,0,0,1,0,0,20241224,20250110
IDFM:TN:16191241,0,0,0,0,1,0,0,20241223,20250117
IDFM:TN:16191251,0,0,1,0,0,0,0,20250108,20250115
IDFM:TN:16191446,1,1,1,1,1,1,0,20241222,20250118
IDFM:TN:16191447,0,0,0,0,0,1,1,20241222,20250118
IDFM:TN:16191469,0,0,0,0,0,1,0,20241222,20250118
IDFM:TN:16191473,1,1,1,1,1,1,0,20241222,20250118
IDFM:TN:16191481,0,0,0,0,0,1,0,20241222,20250118
IDFM:TN:16191515,0,0,0,0,0,0,1,20241223,20250112
IDFM:TN:16191521,0,0,0,0,0,0,1,20241225,20250112
IDFM:TN:16191835,1,0,0,0,0,0,1,20241223,20250113
IDFM:TN:16130896,0,0,0,0,1,0,0,20241220,20241220
IDFM:TN:16068057,0,0,0,1,0,0,0,20241219,20241219
IDFM:TN:16008402,0,0,1,0,0,0,0,20241218,20241218
IDFM:TN:15980056,0,1,0,0,0,0,0,20241217,20241217
